23.00;37.00;10.40;765;0.00;0.00;2019-01-20 18:30:49
24.00;37.00;10.40;649;0.00;0.00;2019-01-20 18:30:49

25.00;37.00;10.40;643;0.00;0.00;2019-01-20 18:30:49
25.50;37.00;10.40;647;0.00;0.00;2019-01-20 18:30:49
23.00;37.00;10.40;648;0.00;0.00;2019-01-20 18:30:49
22.00;37.00;10.40;744;0.00;0.00;2019-01-20 18:30:49
22.50;37.00;10.40;646;0.00;0.00;2019-01-20 18:30:49
23.00;37.00;10.40;642;0.00;0.00;2019-01-20 18:30:49




24.00;37.00;10.40;643;0.00;0.00;2019-01-20 18:30:49
27.00;45.00;12.00;915;0.00;0.00;2019-01-20 18:30:49
30.00;45.00;12.00;472;0.00;0.00;2019-01-20 18:30:49
30.50;44.00;11.80;343;0.00;0.00;2019-01-20 18:30:49


23.00;44.00;11.80;483;0.00;0.00;2019-01-20 18:30:49
